0000001001001100
0000001010011100
0000001011011101
0000001011100000
0000000110101101
0000001000111101
0000010001100000
0000010011000100
0000010000000001
0000001101010000
0000000001010111
1111110110100011
1111101111110000
1111100111000010
1111101001010000
1111110001001000
1111110101011000
1111111011100100
1111111000101101
1111110110001011
1111111101000011
1111111100011110
0000000100011101
0000001010000001
0000010011101111
0000011000010001
0000010010010010
0000001110010110
0000000010110111
1111111100010100
1111111000000110
1111111110000001
1111111010110111
1111111000010010
1111111001110010
1111101111100011
1111101101111001
1111100110111011
1111101011111111
1111111000001000
0000000100001111
0000001100010111
0000010000111000
0000010000100000
0000001010001010
0000000111110011
0000000110001011
0000001010011000
0000001010101110
0000000110100010
0000001000110001
1111111111111110
1111110101011111
1111101111011100
1111101011010101
1111101011110001
1111101101010010
1111110110100111
1111111111001001
0000000100011010
0000000001010100
0000000001000101
1111111111010100
0000000010101000
0000001101110000
0000010101101110
0000010110000011
0000010111000110
0000001110100011
0000000001111001
1111111010011010
1111110110110100
1111110001011011
1111110111010101
1111110000010101
1111111001111111
1111110110110101
1111110010110110
1111110001101110
1111101110010111
1111111001000001
0000000100010011
0000010001001111
0000010011011100
0000010100010010
0000010001010001
0000001110000000
0000000110010010
0000000000101100
0000000010110001
0000000010101101
0000000100011001
1111111100101011
1111110110100100
1111101110010110
1111100110000001
1111101001100100
1111101110100110
1111110111001000
0000000000010100
0000000100100110
0000001001110001
0000001001000101
0000000101111010
0000000110111001
0000001010011111
0000010010001111
0000010001101001
0000010001110001
0000001011110001
1111111101111000
1111110111100110
1111101111010100
1111110001100010
1111101100111011
1111110011001101
1111110111101110
1111111000000000
1111111101101000
1111111011011000
1111111011011100
1111111010110101
0000000111101011
0000001010000101
0000010110011101
0000011101010000
0000010010101010
0000001100000101
0000000100100010
1111111011110100
1111110101110100
1111111001101111
1111111000010110
1111111011111101
1111110101100110
1111110110001101
1111101011100000
1111101010110111
1111110001001000
1111110100101101
0000000011000001
0000001111000101
0000001101010010
0000010001101011
0000001110010101
0000001011011001
0000000100010011
0000000100101011
0000001011001010
0000001011011111
0000001000100110
0000000001101110
1111110101011110
1111101110100001
1111101001100100
1111100111110101
1111110011110001
1111111000011111
1111111011100000
0000000011101001
0000000000001000
0000000011011011
0000000100101111
0000000011100010
0000001110000111
0000010011011101
0000011000001100
0000011001001111
0000001101000110
0000000001101000
1111110111011010
1111110001001011
1111110001010100
1111110100011001
1111110111010010
1111111010000000
1111110110101010
1111110111000011
1111110000111000
1111111001101010
1111111011000010
0000000001011000
0000001011000111
0000010101110110
0000010101101100
0000010100001011
0000001100111100
0000000101010101
1111111111111100
1111111101111010
0000000001011001
0000000100000111
1111111110110111
1111110100010111
1111101111101101
1111101010011101
1111100110101111
1111101110010101
1111110111010000
1111111110001010
0000001000110110
0000001100000111
0000001100100000
0000001010010111
0000000011111110
0000000111010001
0000001110111101
0000010010011101
0000010010011000
0000010101001100
0000000011110101
1111111010011000
1111110001011101
1111101101001100
1111101100101000
1111110100010011
1111110101111101
1111111010010000
1111111001101110
1111111001110001
1111111111000110
1111111000100010
0000000101111100
0000001001100100
0000010011111010
0000011010100111
0000010101001100
0000001010110111
0000000010100101
1111111110101001
1111110111110010
1111111010000101
1111111011000000
1111111001010000
1111111100111101
1111110100000000
1111101000100010
1111101100000101
1111101101100101
1111111001101101
0000000000100100
0000001011101011
0000010010010111
0000010011010011
0000001010110101
0000001000101110
0000000110001000
0000000110010001
0000001110001001
0000001011101111
0000000100111110
0000000011000101
1111111100001101
1111110000011100
1111100101001101
1111101000011000
1111110010010101
1111110101101010
1111111111011011
0000000011111011
0000000000001111
0000000001011001
1111111010001100
0000000011000011
0000001011001101
0000001111011110
0000011010001001
0000010001010000
0000001100101000
0000000011110000
1111111101000000
1111101111101100
1111110100010011
1111110011100110
1111110100010001
1111111001000111
1111110111000110
1111110010001000
1111110001101011
1111110010001101
1111111001110100
0000000101000010
0000010001011111
0000010001101110
0000011011010110
0000001101110010
0000001011011100
0000000110111010
0000000010101001
0000000000000010
0000000001111110
0000000000111000
1111111100111100
1111111001011001
1111110000001010
1111100111111000
1111101011000001
1111101110101101
1111111001000100
0000000010011001
0000000110000000
0000001001011011
0000001011101100
0000001001010011
0000000111001110
0000001001110011
0000010000110010
0000001111110011
0000010010011101
0000001011011110
0000000001111100
1111111010010011
1111110001001001
1111101101100101
1111110000100001
1111110010100010
1111111001011100
1111111010000100
1111111011101011
1111111001010000
1111111001110001
1111111110011100
0000000010010101
0000010010011101
0000010010101000
0000010101000101
0000010111110100
0000001111010110
0000000101110011
1111111110100001
1111111001100000
1111110111011010
1111111011000101
1111111001001100
1111111010001001
1111110010001000
1111101011011010
1111101010110111
1111110000001010
1111110110010011
0000000000011111
0000001100100010
0000010001101111
0000010000000000
0000001100100101
0000001010000101
0000000011110011
0000000100011101
0000001000001011
0000001010010000
0000001000101111
0000000100011011
1111111001001010
1111101101100101
1111101000110100
1111100111001000
1111101111010000
1111110110101010
1111111111001000
0000000000000101
0000000011101101
0000000101001101
0000000001101101
0000000110011110
0000001101011101
0000010001100000
0000010110110000
0000010100101110
0000001101111011
0000000001100101
1111111001100110
1111110100010101
1111110100111111
1111110101111000
1111111011110011
1111110110001011
1111111000101110
1111110100000000
1111110110110001
1111110001001100
1111110111100001
0000000010000000
0000001000100110
0000010011011011
0000010100011001
0000010010110101
0000001100101000
0000001010000000
0000000100001111
0000000000001001
0000000000010100
0000000011001111
1111111011001100
1111111011110000
1111110010001000
1111101000011010
1111100100110000
1111110001001110
1111110110110101
0000000011110110
0000000100001011
0000001001010101
0000001001111010
0000000111111101
0000000110001100
0000001011000001
0000001011001001
0000010000111000
0000010001011100
0000001101001100
0000000100001011
1111110100111101
1111101011011111
1111101110101100
1111101110001100
1111110000101100
1111111011100010
1111111011000110
1111111101101110
1111111001101110
1111111110011111
0000000001001110
0000000011101101
0000001111110001
0000010110100110
0000011011010010
0000010010101110
0000001111000101
0000000110110110
1111111000110011
1111110110101101
1111110100101011
1111111010010000
1111111100100010
1111111011011010
1111110010101010
1111110001010011
1111101000010100
1111101011000101
1111110111100010
0000000011011001
0000001011111000
0000001100001100
0000010001000001
0000001010100101
0000001011001000
0000001000001010
0000000101100101
0000001000101011
0000001000001110
0000000111110110
0000000011001011
1111110100101111
1111101111001011
1111100111100101
1111100111101000
1111101111000010
1111110100110111
1111111101000001
1111111111001101
0000000111001011
0000000001100111
0000000000010010
0000000110000001
0000001011100010
0000010001111100
0000010111101100
0000010110100000
0000001100011010
0000000010000100
1111111000111000
1111101101100111
1111101101111000
1111110110110110
1111111010100101
1111110111011010
1111111000000000
1111110100010100
1111111000111001
1111110101110100
1111111001001111
0000000001001001
0000001001110101
0000010101001011
0000010100011010
0000001111000011
0000001010010000
0000000010111010
0000000110000000
0000000011101001
0000000010011100
0000000101100111
1111111110100010
1111110101010010
1111110010111101
1111101010110101
1111100110010111
1111101101100000
1111110101000000
1111111101100101
0000001010001110
0000001111010110
0000000110100011
0000001001001100
0000000101101101
0000001000010110
0000001100010010
0000001111001010
0000010001010001
0000001001111101
0000000011000111
1111110111100010
1111101110100110
1111101001011101
1111101100000000
1111110100010011
1111111001000000
1111111000011110
1111111011001000
1111111011011000
1111110101100010
1111111110010100
0000000010101101
0000001110110100
0000010011001101
0000010011101010
0000010001001001
0000001101100011
0000000100111011
1111111010110110
1111111011000100
1111110101100101
1111111010101111
1111110111111010
1111110110001111
1111110010100110
1111101011010100
1111101010101101
1111110001100101
1111110110010001
0000000100011110
0000001001001111
0000010010011011
0000010100101100
0000000111110010
0000000111100111
0000001000101010
0000000111010110
0000001010110011
0000001001010100
0000001000001101
0000000000100000
1111111001111010
1111101110100101
1111101001101011
1111101000100011
1111101110001000
1111110110010100
1111111111010011
0000000001000011
0000000011001010
0000000110100001
0000000100000011
0000000100101110
0000001110101100
0000010001011111
0000010001010101
0000010010010001
0000001001001100
0000000010100110
1111111001100101
1111110111001010
1111110010010010
1111110011000011
1111111000100111
1111110010101101
1111110111001100
1111110101011011
1111101101111101
1111110101111000
1111111010010110
0000000010011100
0000001111001101
0000011010001001
0000010110101010
0000010011000100
0000001010101101
0000000011011101
0000000011111101
1111111111011111
0000000010101001
0000000000111010
1111111111100000
1111111000001010
1111110001110010
1111101000010100
1111101000001101
1111101011100111
1111110110000011
0000000001110010
0000001001110100
0000001000100100
0000001011111111
0000001011000110
0000001000010001
0000001110000010
0000001011110111
0000001110001111
0000001100111000
0000001111100010
0000000100000010
1111110111100010
1111101111110110
1111101000111011
1111110011010000
1111110010110011
1111111000000100
1111111100100011
1111111100000011
1111111010000111
1111110111101001
1111111110001001
0000001000110100
0000010000101011
0000011000110111
0000010110110001
0000010010101011
0000001101001001
0000000100011100
1111111111101001
1111110101011110
1111111101001111
1111111010100001
1111111001110010
1111110101011000
1111101110100001
1111101111010111
1111101011110011
1111101100000100
1111110100100011
0000000001101010
0000001111111101
0000010000100001
0000001101100111
0000001101001000
0000001000110111
0000000000110011
0000000111101101
0000001001010110
0000001100011100
0000001100011011
0000000011100101
1111110110011101
1111101011010100
1111101111000010
1111101001101011
1111101111010101
1111110111010011
1111111110110101
0000000001101110
0000000001000110
0000000000001110
0000000001111000
0000000100001100
0000001010000110
0000010010101110
0000010101100111
0000011000010011
0000000111010101
0000000110000100
1111111100100010
1111101110001010
1111110000101100
1111110010101011
1111110011010000
1111110110001001
1111110011111101
1111110111110001
1111110011110000
1111110110001011
1111111011010001
0000000000101111
0000001100011011
0000010101110111
0000010011010010
0000010100001011
0000001011001110
0000000100100110
0000000011101011
0000000010100110
0000000001100110
0000000100110110
1111111011110000
1111111000110101
1111110000101110
1111101000110011
1111101001101001
1111101010111110
1111111001010101
0000000000011100
0000000110101111
0000001101010010
0000001000001101
0000000100011101
0000000011100010
0000001010111110
0000001010101001
0000010101011100
0000001100001010
0000010000000001
0000000010111110
1111110111011011
1111101101110111
1111101100100101
1111101101010011
1111110101001000
1111111000000101
1111111011001011
1111111010000001
1111111001011011
1111111010010010
1111111000111010
0000000001000100
0000001111001110
0000010101011101
0000010111100011
0000010101000101
0000001110010001
0000000011000000
1111111011001001
1111111010000000
1111110111001110
1111111011111000
1111110110101110
1111111010010001
1111110011100111
1111101110000000
1111101101111111
1111110011001010
1111111010000110
1111111110000100
0000001000111000
0000001111101001
0000010001010010
0000001110111101
0000000111110010
0000000111101110
0000000110000010
0000001000011100
0000000111011001
0000000101110010
1111111101101010
1111110100110001
1111110000100000
1111100110100101
1111101111110111
1111110000011110
1111110111110011
1111111100010011
0000000011101111
0000000001000101
0000000001110101
0000001000000111
0000000101010001
0000001110100100
0000010000110010
0000010110001001
0000011000111100
0000001100001011
0000000111110010
1111111011001111
1111110001110010
1111110011000001
1111110101111010
1111111000000111
1111110100001111
1111110100111000
1111110010111110
1111110001010101
1111110100100111
1111111001111110
0000000000001111
0000001110100110
0000010110001010
0000010111100100
0000010101000100
0000001101110011
0000000110100110
0000000001110011
1111111101100100
0000000011100000
0000000010100100
1111111111000000
1111110100010010
1111101100101101
1111101100000100
1111101000110001
1111101111100110
1111110111001011
0000000000111101
0000001010010000
0000001001100010
0000001010001000
0000000110101111
0000000110001111
0000001000110010
0000001110010000
0000010000000101
0000010100001010
0000001001110011
0000000010000001
1111110110100111
1111110010101001
1111101100000110
1111101111110111
1111101110111011
1111111000011100
1111111100111101
1111111011000110
1111111100001000
1111111000010011
0000000000011000
0000001001110100
0000001100100100
0000010011111110
0000011011011111
0000011000110101
0000001100001100
0000000011010010
1111111100010110
1111110110010100
1111110111010111
1111111000011111
1111111000111110
1111110111101110
1111110011000011
1111110001000111
1111101001001111
1111110001100010
1111110111001001
0000000010010110
0000001101100100
0000001110011101
0000010010001001
0000001110000111
0000001010101101
0000000111111110
0000001101101111
0000001000011000
0000001001100000
0000000110100000
1111111111100100
1111110101100101
1111110000110100
1111101100010001
1111101000001011
1111101101010011
1111111000011111
1111111101000010
0000000011100101
0000000010111101
1111111101111010
0000000101101011
0000001001110100
0000001010010101
0000010001100010
0000010110111010
0000010101011111
0000001111010001
0000001000010001
1111111001000111
1111110001001101
1111101110001100
1111110001110100
1111110110100011
1111111100010100
1111110101011000
1111110100000111
1111110001011110
1111110101111111
1111111111100110
0000000010001010
0000001100100001
0000010111001100
0000010111110111
0000010110111001
0000001101001101
0000000100101001
0000000011011000
0000000100001100
0000000100011100
0000000011010010
0000000000111001
1111111010001010
1111110010100111
1111101011000110
1111101000011101
1111101110010100
1111111010000000
1111111110111100
0000001000111000
0000001001110101
0000001001111110
0000001010111010
0000000111101111
0000001001101000
0000001010011101
0000010011000001
0000010010101100
0000010001001001
0000000001101110
1111111000001100
1111101111110001
1111101111011010
1111101101001010
1111110011001010
1111111001010001
1111111011010001
1111111001110100
1111111010000010
1111111100000111
1111111010100011
0000000100100111
0000001011110001
0000010111111010
0000010100010110
0000010011101101
0000001110010110
0000001000000011
1111111100110111
1111111000001101
1111111110000101
1111110111011011
1111110101100010
1111111000110111
1111110001010010
1111101010111100
1111101101010101
1111101111110000
1111110110010011
1111111111011010
0000001110000011
0000010010101101
0000010000111111
0000010010001001
0000000110111101
0000000011100111
0000000110001011
0000001001110011
0000001011010111
0000000111011010
0000000001101110
1111110100000111
1111110001011011
1111101000101010
1111101100001110
1111110000000111
1111111000011101
1111111111101110
0000000011001001
0000000100000000
0000000100101110
0000000010011100
0000000111001101
0000001011100110
0000010101111011
0000010100100110
0000011001000000
0000001101100110
0000000000000000
1111111001110110
1111110001011111
1111110011100001
1111110010000000
1111110101100011
1111110011011110
1111110101100010
1111101101110000
1111101101101101
1111110100111101
1111111011011011
0000000100011101
0000001011010111
0000010100100101
0000010110001101
0000001111101100
0000001111011010
0000000111100111
0000000001011011
0000000001100110
0000000010111110
1111111101001011
1111111101110001
1111110101101110
1111101100111001
1111101000110111
1111101101001011
1111101111100000
1111110101101111
0000000010010000
