0000000010001000
0000000010001000
0000000010000110
0000000001101011
0000000011010000
0000000001110101
0000000010111100
0000000010011110
0000000001011110
0000000001011010
0000000010010001
0000000000011001
0000000000000011
0000000000010001
0000000001001000
1111111111101000
0000000000010111
0000000000000010
0000000000011100
1111111111011001
0000000000010000
1111111111101001
1111111110111010
1111111111011000
1111111111010101
0000000000100011
0000000000100000
0000000000010011
1111111111101111
1111111111100010
0000000000101101
1111111111111001
0000000000110001
0000000000011111
0000000000110110
0000000000011100
1111111111011000
0000000000010001
1111111110001110
1111111110111111
1111111110111101
1111111110100111
1111111101010011
1111111110111001
1111111101110100
1111111110010011
1111111110001100
1111111101011110
1111111101110001
1111111110111000
1111111101110100
1111111101111001
1111111110001101
1111111111001001
1111111111111111
0000000000100011
0000000001100110
0000000001010100
0000000010000000
0000000010101100
0000000010001110
0000000011011101
0000000011010111
0000000011011100
0000000100010011
0000000100010011
0000000011100101
0000000100101110
0000000011011110
0000000001111001
0000000010101010
0000000001110001
0000000000101101
0000000000111001
1111111111011111
1111111111100011
1111111110101110
1111111110001001
1111111101011010
1111111101100110
1111111100110001
1111111100110110
1111111101011110
1111111100000110
1111111101001010
1111111011100001
1111111011011010
1111111100111001
1111111100111101
1111111100111100
1111111101110000
1111111101111010
1111111110111111
1111111111111011
0000000000011000
0000000001000011
0000000000110111
0000000001100000
0000000001101101
0000000010100011
